ampl_k1pi           = 1 +/- 0
phase_k1pi          = 0 +/- 0
ampl_k1k2           = 0.944078 +/- 0.0199593
phase_k1k2          = -142.83 +/- 6.17516
